0 1
0 2
0 3
0 4
0 5
1 0
1 2
1 3
1 4
1 5
2 0
2 1
2 3
2 4
2 5
3 0
3 1
3 2
3 4
3 5
4 0
4 1
4 2
4 3
4 5
5 0
5 1
5 2
5 3
5 4
6 7
6 8
6 9
6 10
6 11
7 6
7 8
7 9
7 10
7 11
8 6
8 7
8 9
8 10
8 11
9 6
9 7
9 8
9 10
9 11
10 6
10 7
10 8
10 9
10 11
11 6
11 7
11 8
11 9
11 10
12 13
12 14
12 15
12 16
12 17
13 12
13 14
13 15
13 16
13 17
14 12
14 13
14 15
14 16
14 17
15 12
15 13
15 14
15 16
15 17
16 12
16 13
16 14
16 15
16 17
17 12
17 13
17 14
17 15
17 16
18 19
18 20
18 21
18 22
18 23
19 18
19 20
19 21
19 22
19 23
20 18
20 19
20 21
20 22
20 23
21 18
21 19
21 20
21 22
21 23
22 18
22 19
22 20
22 21
22 23
23 18
23 19
23 20
23 21
23 22
24 25
24 26
24 27
24 28
24 29
25 24
25 26
25 27
25 28
25 29
26 24
26 25
26 27
26 28
26 29
27 24
27 25
27 26
27 28
27 29
28 24
28 25
28 26
28 27
28 29
29 24
29 25
29 26
29 27
29 28
30 31
30 32
30 33
30 34
30 35
31 30
31 32
31 33
31 34
31 35
32 30
32 31
32 33
32 34
32 35
33 30
33 31
33 32
33 34
33 35
34 30
34 31
34 32
34 33
34 35
35 30
35 31
35 32
35 33
35 34
36 37
36 38
36 39
36 40
36 41
37 36
37 38
37 39
37 40
37 41
38 36
38 37
38 39
38 40
38 41
39 36
39 37
39 38
39 40
39 41
40 36
40 37
40 38
40 39
40 41
41 36
41 37
41 38
41 39
41 40
42 43
42 44
42 45
42 46
42 47
43 42
43 44
43 45
43 46
43 47
44 42
44 43
44 45
44 46
44 47
45 42
45 43
45 44
45 46
45 47
46 42
46 43
46 44
46 45
46 47
47 42
47 43
47 44
47 45
47 46
48 49
48 50
48 51
48 52
48 53
49 48
49 50
49 51
49 52
49 53
50 48
50 49
50 51
50 52
50 53
51 48
51 49
51 50
51 52
51 53
52 48
52 49
52 50
52 51
52 53
53 48
53 49
53 50
53 51
53 52
54 55
54 56
54 57
54 58
54 59
55 54
55 56
55 57
55 58
55 59
56 54
56 55
56 57
56 58
56 59
57 54
57 55
57 56
57 58
57 59
58 54
58 55
58 56
58 57
58 59
59 54
59 55
59 56
59 57
59 58
60 61
60 62
60 63
60 64
60 65
61 60
61 62
61 63
61 64
61 65
62 60
62 61
62 63
62 64
62 65
63 60
63 61
63 62
63 64
63 65
64 60
64 61
64 62
64 63
64 65
65 60
65 61
65 62
65 63
65 64
66 67
66 68
66 69
66 70
66 71
67 66
67 68
67 69
67 70
67 71
68 66
68 67
68 69
68 70
68 71
69 66
69 67
69 68
69 70
69 71
70 66
70 67
70 68
70 69
70 71
71 66
71 67
71 68
71 69
71 70
72 73
72 74
72 75
72 76
72 77
73 72
73 74
73 75
73 76
73 77
74 72
74 73
74 75
74 76
74 77
75 72
75 73
75 74
75 76
75 77
76 72
76 73
76 74
76 75
76 77
77 72
77 73
77 74
77 75
77 76
78 79
78 80
78 81
78 82
78 83
79 78
79 80
79 81
79 82
79 83
80 78
80 79
80 81
80 82
80 83
81 78
81 79
81 80
81 82
81 83
82 78
82 79
82 80
82 81
82 83
83 78
83 79
83 80
83 81
83 82
84 85
84 86
84 87
84 88
84 89
85 84
85 86
85 87
85 88
85 89
86 84
86 85
86 87
86 88
86 89
87 84
87 85
87 86
87 88
87 89
88 84
88 85
88 86
88 87
88 89
89 84
89 85
89 86
89 87
89 88
90 91
90 92
90 93
90 94
90 95
91 90
91 92
91 93
91 94
91 95
92 90
92 91
92 93
92 94
92 95
93 90
93 91
93 92
93 94
93 95
94 90
94 91
94 92
94 93
94 95
95 90
95 91
95 92
95 93
95 94
96 97
96 98
96 99
96 100
96 101
97 96
97 98
97 99
97 100
97 101
98 96
98 97
98 99
98 100
98 101
99 96
99 97
99 98
99 100
99 101
100 96
100 97
100 98
100 99
100 101
101 96
101 97
101 98
101 99
101 100
102 103
102 104
102 105
102 106
102 107
103 102
103 104
103 105
103 106
103 107
104 102
104 103
104 105
104 106
104 107
105 102
105 103
105 104
105 106
105 107
106 102
106 103
106 104
106 105
106 107
107 102
107 103
107 104
107 105
107 106
108 109
108 110
108 111
108 112
108 113
109 108
109 110
109 111
109 112
109 113
110 108
110 109
110 111
110 112
110 113
111 108
111 109
111 110
111 112
111 113
112 108
112 109
112 110
112 111
112 113
113 108
113 109
113 110
113 111
113 112
114 115
114 116
114 117
114 118
114 119
115 114
115 116
115 117
115 118
115 119
116 114
116 115
116 117
116 118
116 119
117 114
117 115
117 116
117 118
117 119
118 114
118 115
118 116
118 117
118 119
119 114
119 115
119 116
119 117
119 118
120 121
120 122
120 123
120 124
120 125
121 120
121 122
121 123
121 124
121 125
122 120
122 121
122 123
122 124
122 125
123 120
123 121
123 122
123 124
123 125
124 120
124 121
124 122
124 123
124 125
125 120
125 121
125 122
125 123
125 124
126 127
126 128
126 129
126 130
126 131
127 126
127 128
127 129
127 130
127 131
128 126
128 127
128 129
128 130
128 131
129 126
129 127
129 128
129 130
129 131
130 126
130 127
130 128
130 129
130 131
131 126
131 127
131 128
131 129
131 130
132 133
132 134
132 135
132 136
132 137
133 132
133 134
133 135
133 136
133 137
134 132
134 133
134 135
134 136
134 137
135 132
135 133
135 134
135 136
135 137
136 132
136 133
136 134
136 135
136 137
137 132
137 133
137 134
137 135
137 136
138 139
138 140
138 141
138 142
138 143
139 138
139 140
139 141
139 142
139 143
140 138
140 139
140 141
140 142
140 143
141 138
141 139
141 140
141 142
141 143
142 138
142 139
142 140
142 141
142 143
143 138
143 139
143 140
143 141
143 142
144 145
144 146
144 147
144 148
144 149
145 144
145 146
145 147
145 148
145 149
146 144
146 145
146 147
146 148
146 149
147 144
147 145
147 146
147 148
147 149
148 144
148 145
148 146
148 147
148 149
149 144
149 145
149 146
149 147
149 148
150 151
150 152
150 153
150 154
150 155
151 150
151 152
151 153
151 154
151 155
152 150
152 151
152 153
152 154
152 155
153 150
153 151
153 152
153 154
153 155
154 150
154 151
154 152
154 153
154 155
155 150
155 151
155 152
155 153
155 154
156 157
156 158
156 159
156 160
156 161
157 156
157 158
157 159
157 160
157 161
158 156
158 157
158 159
158 160
158 161
159 156
159 157
159 158
159 160
159 161
160 156
160 157
160 158
160 159
160 161
161 156
161 157
161 158
161 159
161 160
162 163
162 164
162 165
162 166
162 167
163 162
163 164
163 165
163 166
163 167
164 162
164 163
164 165
164 166
164 167
165 162
165 163
165 164
165 166
165 167
166 162
166 163
166 164
166 165
166 167
167 162
167 163
167 164
167 165
167 166
168 169
168 170
168 171
168 172
168 173
169 168
169 170
169 171
169 172
169 173
170 168
170 169
170 171
170 172
170 173
171 168
171 169
171 170
171 172
171 173
172 168
172 169
172 170
172 171
172 173
173 168
173 169
173 170
173 171
173 172
174 175
174 176
174 177
174 178
174 179
175 174
175 176
175 177
175 178
175 179
176 174
176 175
176 177
176 178
176 179
177 174
177 175
177 176
177 178
177 179
178 174
178 175
178 176
178 177
178 179
179 174
179 175
179 176
179 177
179 178
180 181
180 182
180 183
180 184
180 185
181 180
181 182
181 183
181 184
181 185
182 180
182 181
182 183
182 184
182 185
183 180
183 181
183 182
183 184
183 185
184 180
184 181
184 182
184 183
184 185
185 180
185 181
185 182
185 183
185 184
186 187
186 188
186 189
186 190
186 191
187 186
187 188
187 189
187 190
187 191
188 186
188 187
188 189
188 190
188 191
189 186
189 187
189 188
189 190
189 191
190 186
190 187
190 188
190 189
190 191
191 186
191 187
191 188
191 189
191 190
192 193
192 194
192 195
192 196
192 197
193 192
193 194
193 195
193 196
193 197
194 192
194 193
194 195
194 196
194 197
195 192
195 193
195 194
195 196
195 197
196 192
196 193
196 194
196 195
196 197
197 192
197 193
197 194
197 195
197 196
198 199
198 200
198 201
198 202
198 203
199 198
199 200
199 201
199 202
199 203
200 198
200 199
200 201
200 202
200 203
201 198
201 199
201 200
201 202
201 203
202 198
202 199
202 200
202 201
202 203
203 198
203 199
203 200
203 201
203 202
204 205
204 206
204 207
204 208
204 209
205 204
205 206
205 207
205 208
205 209
206 204
206 205
206 207
206 208
206 209
207 204
207 205
207 206
207 208
207 209
208 204
208 205
208 206
208 207
208 209
209 204
209 205
209 206
209 207
209 208
210 211
210 212
210 213
210 214
210 215
211 210
211 212
211 213
211 214
211 215
212 210
212 211
212 213
212 214
212 215
213 210
213 211
213 212
213 214
213 215
214 210
214 211
214 212
214 213
214 215
215 210
215 211
215 212
215 213
215 214
216 217
216 218
216 219
216 220
216 221
217 216
217 218
217 219
217 220
217 221
218 216
218 217
218 219
218 220
218 221
219 216
219 217
219 218
219 220
219 221
220 216
220 217
220 218
220 219
220 221
221 216
221 217
221 218
221 219
221 220
222 223
222 224
222 225
222 226
222 227
223 222
223 224
223 225
223 226
223 227
224 222
224 223
224 225
224 226
224 227
225 222
225 223
225 224
225 226
225 227
226 222
226 223
226 224
226 225
226 227
227 222
227 223
227 224
227 225
227 226
228 229
228 230
228 231
228 232
228 233
229 228
229 230
229 231
229 232
229 233
230 228
230 229
230 231
230 232
230 233
231 228
231 229
231 230
231 232
231 233
232 228
232 229
232 230
232 231
232 233
233 228
233 229
233 230
233 231
233 232
234 235
234 236
234 237
234 238
234 239
235 234
235 236
235 237
235 238
235 239
236 234
236 235
236 237
236 238
236 239
237 234
237 235
237 236
237 238
237 239
238 234
238 235
238 236
238 237
238 239
239 234
239 235
239 236
239 237
239 238
240 241
240 242
240 243
240 244
240 245
241 240
241 242
241 243
241 244
241 245
242 240
242 241
242 243
242 244
242 245
243 240
243 241
243 242
243 244
243 245
244 240
244 241
244 242
244 243
244 245
245 240
245 241
245 242
245 243
245 244
246 247
246 248
246 249
246 250
246 251
247 246
247 248
247 249
247 250
247 251
248 246
248 247
248 249
248 250
248 251
249 246
249 247
249 248
249 250
249 251
250 246
250 247
250 248
250 249
250 251
251 246
251 247
251 248
251 249
251 250
252 253
252 254
252 255
252 256
252 257
253 252
253 254
253 255
253 256
253 257
254 252
254 253
254 255
254 256
254 257
255 252
255 253
255 254
255 256
255 257
256 252
256 253
256 254
256 255
256 257
257 252
257 253
257 254
257 255
257 256
258 259
258 260
258 261
258 262
258 263
259 258
259 260
259 261
259 262
259 263
260 258
260 259
260 261
260 262
260 263
261 258
261 259
261 260
261 262
261 263
262 258
262 259
262 260
262 261
262 263
263 258
263 259
263 260
263 261
263 262
264 265
264 266
264 267
264 268
264 269
265 264
265 266
265 267
265 268
265 269
266 264
266 265
266 267
266 268
266 269
267 264
267 265
267 266
267 268
267 269
268 264
268 265
268 266
268 267
268 269
269 264
269 265
269 266
269 267
269 268
270 271
270 272
270 273
270 274
270 275
271 270
271 272
271 273
271 274
271 275
272 270
272 271
272 273
272 274
272 275
273 270
273 271
273 272
273 274
273 275
274 270
274 271
274 272
274 273
274 275
275 270
275 271
275 272
275 273
275 274
276 277
276 278
276 279
276 280
276 281
277 276
277 278
277 279
277 280
277 281
278 276
278 277
278 279
278 280
278 281
279 276
279 277
279 278
279 280
279 281
280 276
280 277
280 278
280 279
280 281
281 276
281 277
281 278
281 279
281 280
282 283
282 284
282 285
282 286
282 287
283 282
283 284
283 285
283 286
283 287
284 282
284 283
284 285
284 286
284 287
285 282
285 283
285 284
285 286
285 287
286 282
286 283
286 284
286 285
286 287
287 282
287 283
287 284
287 285
287 286
288 289
288 290
288 291
288 292
288 293
289 288
289 290
289 291
289 292
289 293
290 288
290 289
290 291
290 292
290 293
291 288
291 289
291 290
291 292
291 293
292 288
292 289
292 290
292 291
292 293
293 288
293 289
293 290
293 291
293 292
294 295
294 296
294 297
294 298
294 299
295 294
295 296
295 297
295 298
295 299
296 294
296 295
296 297
296 298
296 299
297 294
297 295
297 296
297 298
297 299
298 294
298 295
298 296
298 297
298 299
299 294
299 295
299 296
299 297
299 298
300 301
300 302
300 303
300 304
300 305
301 300
301 302
301 303
301 304
301 305
302 300
302 301
302 303
302 304
302 305
303 300
303 301
303 302
303 304
303 305
304 300
304 301
304 302
304 303
304 305
305 300
305 301
305 302
305 303
305 304
306 307
306 308
306 309
306 310
306 311
307 306
307 308
307 309
307 310
307 311
308 306
308 307
308 309
308 310
308 311
309 306
309 307
309 308
309 310
309 311
310 306
310 307
310 308
310 309
310 311
311 306
311 307
311 308
311 309
311 310
312 313
312 314
312 315
312 316
312 317
313 312
313 314
313 315
313 316
313 317
314 312
314 313
314 315
314 316
314 317
315 312
315 313
315 314
315 316
315 317
316 312
316 313
316 314
316 315
316 317
317 312
317 313
317 314
317 315
317 316
318 319
318 320
318 321
318 322
318 323
319 318
319 320
319 321
319 322
319 323
320 318
320 319
320 321
320 322
320 323
321 318
321 319
321 320
321 322
321 323
322 318
322 319
322 320
322 321
322 323
323 318
323 319
323 320
323 321
323 322
324 325
324 326
324 327
324 328
324 329
325 324
325 326
325 327
325 328
325 329
326 324
326 325
326 327
326 328
326 329
327 324
327 325
327 326
327 328
327 329
328 324
328 325
328 326
328 327
328 329
329 324
329 325
329 326
329 327
329 328
330 331
330 332
330 333
330 334
330 335
331 330
331 332
331 333
331 334
331 335
332 330
332 331
332 333
332 334
332 335
333 330
333 331
333 332
333 334
333 335
334 330
334 331
334 332
334 333
334 335
335 330
335 331
335 332
335 333
335 334
336 337
336 338
336 339
336 340
336 341
337 336
337 338
337 339
337 340
337 341
338 336
338 337
338 339
338 340
338 341
339 336
339 337
339 338
339 340
339 341
340 336
340 337
340 338
340 339
340 341
341 336
341 337
341 338
341 339
341 340
342 343
342 344
342 345
342 346
342 347
343 342
343 344
343 345
343 346
343 347
344 342
344 343
344 345
344 346
344 347
345 342
345 343
345 344
345 346
345 347
346 342
346 343
346 344
346 345
346 347
347 342
347 343
347 344
347 345
347 346
348 349
348 350
348 351
348 352
348 353
349 348
349 350
349 351
349 352
349 353
350 348
350 349
350 351
350 352
350 353
351 348
351 349
351 350
351 352
351 353
352 348
352 349
352 350
352 351
352 353
353 348
353 349
353 350
353 351
353 352
354 355
354 356
354 357
354 358
354 359
355 354
355 356
355 357
355 358
355 359
356 354
356 355
356 357
356 358
356 359
357 354
357 355
357 356
357 358
357 359
358 354
358 355
358 356
358 357
358 359
359 354
359 355
359 356
359 357
359 358
360 361
360 362
360 363
360 364
360 365
361 360
361 362
361 363
361 364
361 365
362 360
362 361
362 363
362 364
362 365
363 360
363 361
363 362
363 364
363 365
364 360
364 361
364 362
364 363
364 365
365 360
365 361
365 362
365 363
365 364
366 367
366 368
366 369
366 370
366 371
367 366
367 368
367 369
367 370
367 371
368 366
368 367
368 369
368 370
368 371
369 366
369 367
369 368
369 370
369 371
370 366
370 367
370 368
370 369
370 371
371 366
371 367
371 368
371 369
371 370
372 373
372 374
372 375
372 376
372 377
373 372
373 374
373 375
373 376
373 377
374 372
374 373
374 375
374 376
374 377
375 372
375 373
375 374
375 376
375 377
376 372
376 373
376 374
376 375
376 377
377 372
377 373
377 374
377 375
377 376
378 379
378 380
378 381
378 382
378 383
379 378
379 380
379 381
379 382
379 383
380 378
380 379
380 381
380 382
380 383
381 378
381 379
381 380
381 382
381 383
382 378
382 379
382 380
382 381
382 383
383 378
383 379
383 380
383 381
383 382
384 385
384 386
384 387
384 388
384 389
385 384
385 386
385 387
385 388
385 389
386 384
386 385
386 387
386 388
386 389
387 384
387 385
387 386
387 388
387 389
388 384
388 385
388 386
388 387
388 389
389 384
389 385
389 386
389 387
389 388
390 391
390 392
390 393
390 394
390 395
391 390
391 392
391 393
391 394
391 395
392 390
392 391
392 393
392 394
392 395
393 390
393 391
393 392
393 394
393 395
394 390
394 391
394 392
394 393
394 395
395 390
395 391
395 392
395 393
395 394
396 397
396 398
396 399
396 400
396 401
397 396
397 398
397 399
397 400
397 401
398 396
398 397
398 399
398 400
398 401
399 396
399 397
399 398
399 400
399 401
400 396
400 397
400 398
400 399
400 401
401 396
401 397
401 398
401 399
401 400
402 403
402 404
402 405
402 406
402 407
403 402
403 404
403 405
403 406
403 407
404 402
404 403
404 405
404 406
404 407
405 402
405 403
405 404
405 406
405 407
406 402
406 403
406 404
406 405
406 407
407 402
407 403
407 404
407 405
407 406
408 409
408 410
408 411
408 412
408 413
409 408
409 410
409 411
409 412
409 413
410 408
410 409
410 411
410 412
410 413
411 408
411 409
411 410
411 412
411 413
412 408
412 409
412 410
412 411
412 413
413 408
413 409
413 410
413 411
413 412
414 415
414 416
414 417
414 418
414 419
415 414
415 416
415 417
415 418
415 419
416 414
416 415
416 417
416 418
416 419
417 414
417 415
417 416
417 418
417 419
418 414
418 415
418 416
418 417
418 419
419 414
419 415
419 416
419 417
419 418
420 421
420 422
420 423
420 424
420 425
421 420
421 422
421 423
421 424
421 425
422 420
422 421
422 423
422 424
422 425
423 420
423 421
423 422
423 424
423 425
424 420
424 421
424 422
424 423
424 425
425 420
425 421
425 422
425 423
425 424
426 427
426 428
426 429
426 430
426 431
427 426
427 428
427 429
427 430
427 431
428 426
428 427
428 429
428 430
428 431
429 426
429 427
429 428
429 430
429 431
430 426
430 427
430 428
430 429
430 431
431 426
431 427
431 428
431 429
431 430
432 433
432 434
432 435
432 436
432 437
433 432
433 434
433 435
433 436
433 437
434 432
434 433
434 435
434 436
434 437
435 432
435 433
435 434
435 436
435 437
436 432
436 433
436 434
436 435
436 437
437 432
437 433
437 434
437 435
437 436
438 439
438 440
438 441
438 442
438 443
439 438
439 440
439 441
439 442
439 443
440 438
440 439
440 441
440 442
440 443
441 438
441 439
441 440
441 442
441 443
442 438
442 439
442 440
442 441
442 443
443 438
443 439
443 440
443 441
443 442
444 445
444 446
444 447
444 448
444 449
445 444
445 446
445 447
445 448
445 449
446 444
446 445
446 447
446 448
446 449
447 444
447 445
447 446
447 448
447 449
448 444
448 445
448 446
448 447
448 449
449 444
449 445
449 446
449 447
449 448
450 451
450 452
450 453
450 454
450 455
451 450
451 452
451 453
451 454
451 455
452 450
452 451
452 453
452 454
452 455
453 450
453 451
453 452
453 454
453 455
454 450
454 451
454 452
454 453
454 455
455 450
455 451
455 452
455 453
455 454
456 457
456 458
456 459
456 460
456 461
457 456
457 458
457 459
457 460
457 461
458 456
458 457
458 459
458 460
458 461
459 456
459 457
459 458
459 460
459 461
460 456
460 457
460 458
460 459
460 461
461 456
461 457
461 458
461 459
461 460
462 463
462 464
462 465
462 466
462 467
463 462
463 464
463 465
463 466
463 467
464 462
464 463
464 465
464 466
464 467
465 462
465 463
465 464
465 466
465 467
466 462
466 463
466 464
466 465
466 467
467 462
467 463
467 464
467 465
467 466
468 469
468 470
468 471
468 472
468 473
469 468
469 470
469 471
469 472
469 473
470 468
470 469
470 471
470 472
470 473
471 468
471 469
471 470
471 472
471 473
472 468
472 469
472 470
472 471
472 473
473 468
473 469
473 470
473 471
473 472
474 475
474 476
474 477
474 478
474 479
475 474
475 476
475 477
475 478
475 479
476 474
476 475
476 477
476 478
476 479
477 474
477 475
477 476
477 478
477 479
478 474
478 475
478 476
478 477
478 479
479 474
479 475
479 476
479 477
479 478
480 481
480 482
480 483
480 484
480 485
481 480
481 482
481 483
481 484
481 485
482 480
482 481
482 483
482 484
482 485
483 480
483 481
483 482
483 484
483 485
484 480
484 481
484 482
484 483
484 485
485 480
485 481
485 482
485 483
485 484
486 487
486 488
486 489
486 490
486 491
487 486
487 488
487 489
487 490
487 491
488 486
488 487
488 489
488 490
488 491
489 486
489 487
489 488
489 490
489 491
490 486
490 487
490 488
490 489
490 491
491 486
491 487
491 488
491 489
491 490
492 493
492 494
492 495
492 496
492 497
493 492
493 494
493 495
493 496
493 497
494 492
494 493
494 495
494 496
494 497
495 492
495 493
495 494
495 496
495 497
496 492
496 493
496 494
496 495
496 497
497 492
497 493
497 494
497 495
497 496
498 499
498 500
498 501
498 502
498 503
499 498
499 500
499 501
499 502
499 503
500 498
500 499
500 501
500 502
500 503
501 498
501 499
501 500
501 502
501 503
502 498
502 499
502 500
502 501
502 503
503 498
503 499
503 500
503 501
503 502
504 505
504 506
504 507
504 508
504 509
505 504
505 506
505 507
505 508
505 509
506 504
506 505
506 507
506 508
506 509
507 504
507 505
507 506
507 508
507 509
508 504
508 505
508 506
508 507
508 509
509 504
509 505
509 506
509 507
509 508
510 511
510 512
510 513
510 514
510 515
511 510
511 512
511 513
511 514
511 515
512 510
512 511
512 513
512 514
512 515
513 510
513 511
513 512
513 514
513 515
514 510
514 511
514 512
514 513
514 515
515 510
515 511
515 512
515 513
515 514
516 517
516 518
516 519
516 520
516 521
517 516
517 518
517 519
517 520
517 521
518 516
518 517
518 519
518 520
518 521
519 516
519 517
519 518
519 520
519 521
520 516
520 517
520 518
520 519
520 521
521 516
521 517
521 518
521 519
521 520
522 523
522 524
522 525
522 526
522 527
523 522
523 524
523 525
523 526
523 527
524 522
524 523
524 525
524 526
524 527
525 522
525 523
525 524
525 526
525 527
526 522
526 523
526 524
526 525
526 527
527 522
527 523
527 524
527 525
527 526
528 529
528 530
528 531
528 532
528 533
529 528
529 530
529 531
529 532
529 533
530 528
530 529
530 531
530 532
530 533
531 528
531 529
531 530
531 532
531 533
532 528
532 529
532 530
532 531
532 533
533 528
533 529
533 530
533 531
533 532
534 535
534 536
534 537
534 538
534 539
535 534
535 536
535 537
535 538
535 539
536 534
536 535
536 537
536 538
536 539
537 534
537 535
537 536
537 538
537 539
538 534
538 535
538 536
538 537
538 539
539 534
539 535
539 536
539 537
539 538
540 541
540 542
540 543
540 544
540 545
541 540
541 542
541 543
541 544
541 545
542 540
542 541
542 543
542 544
542 545
543 540
543 541
543 542
543 544
543 545
544 540
544 541
544 542
544 543
544 545
545 540
545 541
545 542
545 543
545 544
546 547
546 548
546 549
546 550
546 551
547 546
547 548
547 549
547 550
547 551
548 546
548 547
548 549
548 550
548 551
549 546
549 547
549 548
549 550
549 551
550 546
550 547
550 548
550 549
550 551
551 546
551 547
551 548
551 549
551 550
552 553
552 554
552 555
552 556
552 557
553 552
553 554
553 555
553 556
553 557
554 552
554 553
554 555
554 556
554 557
555 552
555 553
555 554
555 556
555 557
556 552
556 553
556 554
556 555
556 557
557 552
557 553
557 554
557 555
557 556
558 559
558 560
558 561
558 562
558 563
559 558
559 560
559 561
559 562
559 563
560 558
560 559
560 561
560 562
560 563
561 558
561 559
561 560
561 562
561 563
562 558
562 559
562 560
562 561
562 563
563 558
563 559
563 560
563 561
563 562
564 565
564 566
564 567
564 568
564 569
565 564
565 566
565 567
565 568
565 569
566 564
566 565
566 567
566 568
566 569
567 564
567 565
567 566
567 568
567 569
568 564
568 565
568 566
568 567
568 569
569 564
569 565
569 566
569 567
569 568
570 571
570 572
570 573
570 574
570 575
571 570
571 572
571 573
571 574
571 575
572 570
572 571
572 573
572 574
572 575
573 570
573 571
573 572
573 574
573 575
574 570
574 571
574 572
574 573
574 575
575 570
575 571
575 572
575 573
575 574
576 577
576 578
576 579
576 580
576 581
577 576
577 578
577 579
577 580
577 581
578 576
578 577
578 579
578 580
578 581
579 576
579 577
579 578
579 580
579 581
580 576
580 577
580 578
580 579
580 581
581 576
581 577
581 578
581 579
581 580
582 583
582 584
582 585
582 586
582 587
583 582
583 584
583 585
583 586
583 587
584 582
584 583
584 585
584 586
584 587
585 582
585 583
585 584
585 586
585 587
586 582
586 583
586 584
586 585
586 587
587 582
587 583
587 584
587 585
587 586
588 589
588 590
588 591
588 592
588 593
589 588
589 590
589 591
589 592
589 593
590 588
590 589
590 591
590 592
590 593
591 588
591 589
591 590
591 592
591 593
592 588
592 589
592 590
592 591
592 593
593 588
593 589
593 590
593 591
593 592
594 595
594 596
594 597
594 598
594 599
595 594
595 596
595 597
595 598
595 599
596 594
596 595
596 597
596 598
596 599
597 594
597 595
597 596
597 598
597 599
598 594
598 595
598 596
598 597
598 599
599 594
599 595
599 596
599 597
599 598
600 601
600 602
600 603
600 604
600 605
601 600
601 602
601 603
601 604
601 605
602 600
602 601
602 603
602 604
602 605
603 600
603 601
603 602
603 604
603 605
604 600
604 601
604 602
604 603
604 605
605 600
605 601
605 602
605 603
605 604
606 607
606 608
606 609
606 610
606 611
607 606
607 608
607 609
607 610
607 611
608 606
608 607
608 609
608 610
608 611
609 606
609 607
609 608
609 610
609 611
610 606
610 607
610 608
610 609
610 611
611 606
611 607
611 608
611 609
611 610
612 613
612 614
612 615
612 616
612 617
613 612
613 614
613 615
613 616
613 617
614 612
614 613
614 615
614 616
614 617
615 612
615 613
615 614
615 616
615 617
616 612
616 613
616 614
616 615
616 617
617 612
617 613
617 614
617 615
617 616
618 619
618 620
618 621
618 622
618 623
619 618
619 620
619 621
619 622
619 623
620 618
620 619
620 621
620 622
620 623
621 618
621 619
621 620
621 622
621 623
622 618
622 619
622 620
622 621
622 623
623 618
623 619
623 620
623 621
623 622
624 625
624 626
624 627
624 628
624 629
625 624
625 626
625 627
625 628
625 629
626 624
626 625
626 627
626 628
626 629
627 624
627 625
627 626
627 628
627 629
628 624
628 625
628 626
628 627
628 629
629 624
629 625
629 626
629 627
629 628
630 631
630 632
630 633
630 634
630 635
631 630
631 632
631 633
631 634
631 635
632 630
632 631
632 633
632 634
632 635
633 630
633 631
633 632
633 634
633 635
634 630
634 631
634 632
634 633
634 635
635 630
635 631
635 632
635 633
635 634
636 637
636 638
636 639
636 640
636 641
637 636
637 638
637 639
637 640
637 641
638 636
638 637
638 639
638 640
638 641
639 636
639 637
639 638
639 640
639 641
640 636
640 637
640 638
640 639
640 641
641 636
641 637
641 638
641 639
641 640
642 643
642 644
642 645
642 646
642 647
643 642
643 644
643 645
643 646
643 647
644 642
644 643
644 645
644 646
644 647
645 642
645 643
645 644
645 646
645 647
646 642
646 643
646 644
646 645
646 647
647 642
647 643
647 644
647 645
647 646
648 649
648 650
648 651
648 652
648 653
649 648
649 650
649 651
649 652
649 653
650 648
650 649
650 651
650 652
650 653
651 648
651 649
651 650
651 652
651 653
652 648
652 649
652 650
652 651
652 653
653 648
653 649
653 650
653 651
653 652
654 655
654 656
654 657
654 658
654 659
655 654
655 656
655 657
655 658
655 659
656 654
656 655
656 657
656 658
656 659
657 654
657 655
657 656
657 658
657 659
658 654
658 655
658 656
658 657
658 659
659 654
659 655
659 656
659 657
659 658
660 661
660 662
660 663
660 664
660 665
661 660
661 662
661 663
661 664
661 665
662 660
662 661
662 663
662 664
662 665
663 660
663 661
663 662
663 664
663 665
664 660
664 661
664 662
664 663
664 665
665 660
665 661
665 662
665 663
665 664
666 667
666 668
666 669
666 670
666 671
667 666
667 668
667 669
667 670
667 671
668 666
668 667
668 669
668 670
668 671
669 666
669 667
669 668
669 670
669 671
670 666
670 667
670 668
670 669
670 671
671 666
671 667
671 668
671 669
671 670
672 673
672 674
672 675
672 676
672 677
673 672
673 674
673 675
673 676
673 677
674 672
674 673
674 675
674 676
674 677
675 672
675 673
675 674
675 676
675 677
676 672
676 673
676 674
676 675
676 677
677 672
677 673
677 674
677 675
677 676
678 679
678 680
678 681
678 682
678 683
679 678
679 680
679 681
679 682
679 683
680 678
680 679
680 681
680 682
680 683
681 678
681 679
681 680
681 682
681 683
682 678
682 679
682 680
682 681
682 683
683 678
683 679
683 680
683 681
683 682
684 685
684 686
684 687
684 688
684 689
685 684
685 686
685 687
685 688
685 689
686 684
686 685
686 687
686 688
686 689
687 684
687 685
687 686
687 688
687 689
688 684
688 685
688 686
688 687
688 689
689 684
689 685
689 686
689 687
689 688
690 691
690 692
690 693
690 694
690 695
691 690
691 692
691 693
691 694
691 695
692 690
692 691
692 693
692 694
692 695
693 690
693 691
693 692
693 694
693 695
694 690
694 691
694 692
694 693
694 695
695 690
695 691
695 692
695 693
695 694
696 697
696 698
696 699
696 700
696 701
697 696
697 698
697 699
697 700
697 701
698 696
698 697
698 699
698 700
698 701
699 696
699 697
699 698
699 700
699 701
700 696
700 697
700 698
700 699
700 701
701 696
701 697
701 698
701 699
701 700
702 703
702 704
702 705
702 706
702 707
703 702
703 704
703 705
703 706
703 707
704 702
704 703
704 705
704 706
704 707
705 702
705 703
705 704
705 706
705 707
706 702
706 703
706 704
706 705
706 707
707 702
707 703
707 704
707 705
707 706
708 709
708 710
708 711
708 712
708 713
709 708
709 710
709 711
709 712
709 713
710 708
710 709
710 711
710 712
710 713
711 708
711 709
711 710
711 712
711 713
712 708
712 709
712 710
712 711
712 713
713 708
713 709
713 710
713 711
713 712
714 715
714 716
714 717
714 718
714 719
715 714
715 716
715 717
715 718
715 719
716 714
716 715
716 717
716 718
716 719
717 714
717 715
717 716
717 718
717 719
718 714
718 715
718 716
718 717
718 719
719 714
719 715
719 716
719 717
719 718
720 721
720 722
720 723
720 724
720 725
721 720
721 722
721 723
721 724
721 725
722 720
722 721
722 723
722 724
722 725
723 720
723 721
723 722
723 724
723 725
724 720
724 721
724 722
724 723
724 725
725 720
725 721
725 722
725 723
725 724
726 727
726 728
726 729
726 730
726 731
727 726
727 728
727 729
727 730
727 731
728 726
728 727
728 729
728 730
728 731
729 726
729 727
729 728
729 730
729 731
730 726
730 727
730 728
730 729
730 731
731 726
731 727
731 728
731 729
731 730
732 733
732 734
732 735
732 736
732 737
733 732
733 734
733 735
733 736
733 737
734 732
734 733
734 735
734 736
734 737
735 732
735 733
735 734
735 736
735 737
736 732
736 733
736 734
736 735
736 737
737 732
737 733
737 734
737 735
737 736
738 739
738 740
738 741
738 742
738 743
739 738
739 740
739 741
739 742
739 743
740 738
740 739
740 741
740 742
740 743
741 738
741 739
741 740
741 742
741 743
742 738
742 739
742 740
742 741
742 743
743 738
743 739
743 740
743 741
743 742
744 745
744 746
744 747
744 748
744 749
745 744
745 746
745 747
745 748
745 749
746 744
746 745
746 747
746 748
746 749
747 744
747 745
747 746
747 748
747 749
748 744
748 745
748 746
748 747
748 749
749 744
749 745
749 746
749 747
749 748
750 751
750 752
750 753
750 754
750 755
751 750
751 752
751 753
751 754
751 755
752 750
752 751
752 753
752 754
752 755
753 750
753 751
753 752
753 754
753 755
754 750
754 751
754 752
754 753
754 755
755 750
755 751
755 752
755 753
755 754
756 757
756 758
756 759
756 760
756 761
757 756
757 758
757 759
757 760
757 761
758 756
758 757
758 759
758 760
758 761
759 756
759 757
759 758
759 760
759 761
760 756
760 757
760 758
760 759
760 761
761 756
761 757
761 758
761 759
761 760
762 763
762 764
762 765
762 766
762 767
763 762
763 764
763 765
763 766
763 767
764 762
764 763
764 765
764 766
764 767
765 762
765 763
765 764
765 766
765 767
766 762
766 763
766 764
766 765
766 767
767 762
767 763
767 764
767 765
767 766
768 769
768 770
768 771
768 772
768 773
769 768
769 770
769 771
769 772
769 773
770 768
770 769
770 771
770 772
770 773
771 768
771 769
771 770
771 772
771 773
772 768
772 769
772 770
772 771
772 773
773 768
773 769
773 770
773 771
773 772
774 775
774 776
774 777
774 778
774 779
775 774
775 776
775 777
775 778
775 779
776 774
776 775
776 777
776 778
776 779
777 774
777 775
777 776
777 778
777 779
778 774
778 775
778 776
778 777
778 779
779 774
779 775
779 776
779 777
779 778
780 781
780 782
780 783
780 784
780 785
781 780
781 782
781 783
781 784
781 785
782 780
782 781
782 783
782 784
782 785
783 780
783 781
783 782
783 784
783 785
784 780
784 781
784 782
784 783
784 785
785 780
785 781
785 782
785 783
785 784
786 787
786 788
786 789
786 790
786 791
787 786
787 788
787 789
787 790
787 791
788 786
788 787
788 789
788 790
788 791
789 786
789 787
789 788
789 790
789 791
790 786
790 787
790 788
790 789
790 791
791 786
791 787
791 788
791 789
791 790
792 793
792 794
792 795
792 796
792 797
793 792
793 794
793 795
793 796
793 797
794 792
794 793
794 795
794 796
794 797
795 792
795 793
795 794
795 796
795 797
796 792
796 793
796 794
796 795
796 797
797 792
797 793
797 794
797 795
797 796
798 799
798 800
798 801
798 802
798 803
799 798
799 800
799 801
799 802
799 803
800 798
800 799
800 801
800 802
800 803
801 798
801 799
801 800
801 802
801 803
802 798
802 799
802 800
802 801
802 803
803 798
803 799
803 800
803 801
803 802
804 805
804 806
804 807
804 808
804 809
805 804
805 806
805 807
805 808
805 809
806 804
806 805
806 807
806 808
806 809
807 804
807 805
807 806
807 808
807 809
808 804
808 805
808 806
808 807
808 809
809 804
809 805
809 806
809 807
809 808
810 811
810 812
810 813
810 814
810 815
811 810
811 812
811 813
811 814
811 815
812 810
812 811
812 813
812 814
812 815
813 810
813 811
813 812
813 814
813 815
814 810
814 811
814 812
814 813
814 815
815 810
815 811
815 812
815 813
815 814
816 817
816 818
816 819
816 820
816 821
817 816
817 818
817 819
817 820
817 821
818 816
818 817
818 819
818 820
818 821
819 816
819 817
819 818
819 820
819 821
820 816
820 817
820 818
820 819
820 821
821 816
821 817
821 818
821 819
821 820
822 823
822 824
822 825
822 826
822 827
823 822
823 824
823 825
823 826
823 827
824 822
824 823
824 825
824 826
824 827
825 822
825 823
825 824
825 826
825 827
826 822
826 823
826 824
826 825
826 827
827 822
827 823
827 824
827 825
827 826
828 829
828 830
828 831
828 832
828 833
829 828
829 830
829 831
829 832
829 833
830 828
830 829
830 831
830 832
830 833
831 828
831 829
831 830
831 832
831 833
832 828
832 829
832 830
832 831
832 833
833 828
833 829
833 830
833 831
833 832
834 835
834 836
834 837
834 838
834 839
835 834
835 836
835 837
835 838
835 839
836 834
836 835
836 837
836 838
836 839
837 834
837 835
837 836
837 838
837 839
838 834
838 835
838 836
838 837
838 839
839 834
839 835
839 836
839 837
839 838
840 841
840 842
840 843
840 844
840 845
841 840
841 842
841 843
841 844
841 845
842 840
842 841
842 843
842 844
842 845
843 840
843 841
843 842
843 844
843 845
844 840
844 841
844 842
844 843
844 845
845 840
845 841
845 842
845 843
845 844
846 847
846 848
846 849
846 850
846 851
847 846
847 848
847 849
847 850
847 851
848 846
848 847
848 849
848 850
848 851
849 846
849 847
849 848
849 850
849 851
850 846
850 847
850 848
850 849
850 851
851 846
851 847
851 848
851 849
851 850
852 853
852 854
852 855
852 856
852 857
853 852
853 854
853 855
853 856
853 857
854 852
854 853
854 855
854 856
854 857
855 852
855 853
855 854
855 856
855 857
856 852
856 853
856 854
856 855
856 857
857 852
857 853
857 854
857 855
857 856
858 859
858 860
858 861
858 862
858 863
859 858
859 860
859 861
859 862
859 863
860 858
860 859
860 861
860 862
860 863
861 858
861 859
861 860
861 862
861 863
862 858
862 859
862 860
862 861
862 863
863 858
863 859
863 860
863 861
863 862
864 865
864 866
864 867
864 868
864 869
865 864
865 866
865 867
865 868
865 869
866 864
866 865
866 867
866 868
866 869
867 864
867 865
867 866
867 868
867 869
868 864
868 865
868 866
868 867
868 869
869 864
869 865
869 866
869 867
869 868
870 871
870 872
870 873
870 874
870 875
871 870
871 872
871 873
871 874
871 875
872 870
872 871
872 873
872 874
872 875
873 870
873 871
873 872
873 874
873 875
874 870
874 871
874 872
874 873
874 875
875 870
875 871
875 872
875 873
875 874
876 877
876 878
876 879
876 880
876 881
877 876
877 878
877 879
877 880
877 881
878 876
878 877
878 879
878 880
878 881
879 876
879 877
879 878
879 880
879 881
880 876
880 877
880 878
880 879
880 881
881 876
881 877
881 878
881 879
881 880
882 883
882 884
882 885
882 886
882 887
883 882
883 884
883 885
883 886
883 887
884 882
884 883
884 885
884 886
884 887
885 882
885 883
885 884
885 886
885 887
886 882
886 883
886 884
886 885
886 887
887 882
887 883
887 884
887 885
887 886
888 889
888 890
888 891
888 892
888 893
889 888
889 890
889 891
889 892
889 893
890 888
890 889
890 891
890 892
890 893
891 888
891 889
891 890
891 892
891 893
892 888
892 889
892 890
892 891
892 893
893 888
893 889
893 890
893 891
893 892
894 895
894 896
894 897
894 898
894 899
895 894
895 896
895 897
895 898
895 899
896 894
896 895
896 897
896 898
896 899
897 894
897 895
897 896
897 898
897 899
898 894
898 895
898 896
898 897
898 899
899 894
899 895
899 896
899 897
899 898
900 901
900 902
900 903
900 904
900 905
901 900
901 902
901 903
901 904
901 905
902 900
902 901
902 903
902 904
902 905
903 900
903 901
903 902
903 904
903 905
904 900
904 901
904 902
904 903
904 905
905 900
905 901
905 902
905 903
905 904
906 907
906 908
906 909
906 910
906 911
907 906
907 908
907 909
907 910
907 911
908 906
908 907
908 909
908 910
908 911
909 906
909 907
909 908
909 910
909 911
910 906
910 907
910 908
910 909
910 911
911 906
911 907
911 908
911 909
911 910
912 913
912 914
912 915
912 916
912 917
913 912
913 914
913 915
913 916
913 917
914 912
914 913
914 915
914 916
914 917
915 912
915 913
915 914
915 916
915 917
916 912
916 913
916 914
916 915
916 917
917 912
917 913
917 914
917 915
917 916
918 919
918 920
918 921
918 922
918 923
919 918
919 920
919 921
919 922
919 923
920 918
920 919
920 921
920 922
920 923
921 918
921 919
921 920
921 922
921 923
922 918
922 919
922 920
922 921
922 923
923 918
923 919
923 920
923 921
923 922
924 925
924 926
924 927
924 928
924 929
925 924
925 926
925 927
925 928
925 929
926 924
926 925
926 927
926 928
926 929
927 924
927 925
927 926
927 928
927 929
928 924
928 925
928 926
928 927
928 929
929 924
929 925
929 926
929 927
929 928
930 931
930 932
930 933
930 934
930 935
931 930
931 932
931 933
931 934
931 935
932 930
932 931
932 933
932 934
932 935
933 930
933 931
933 932
933 934
933 935
934 930
934 931
934 932
934 933
934 935
935 930
935 931
935 932
935 933
935 934
936 937
936 938
936 939
936 940
936 941
937 936
937 938
937 939
937 940
937 941
938 936
938 937
938 939
938 940
938 941
939 936
939 937
939 938
939 940
939 941
940 936
940 937
940 938
940 939
940 941
941 936
941 937
941 938
941 939
941 940
942 943
942 944
942 945
942 946
942 947
943 942
943 944
943 945
943 946
943 947
944 942
944 943
944 945
944 946
944 947
945 942
945 943
945 944
945 946
945 947
946 942
946 943
946 944
946 945
946 947
947 942
947 943
947 944
947 945
947 946
948 949
948 950
948 951
948 952
948 953
949 948
949 950
949 951
949 952
949 953
950 948
950 949
950 951
950 952
950 953
951 948
951 949
951 950
951 952
951 953
952 948
952 949
952 950
952 951
952 953
953 948
953 949
953 950
953 951
953 952
954 955
954 956
954 957
954 958
954 959
955 954
955 956
955 957
955 958
955 959
956 954
956 955
956 957
956 958
956 959
957 954
957 955
957 956
957 958
957 959
958 954
958 955
958 956
958 957
958 959
959 954
959 955
959 956
959 957
959 958
960 961
960 962
960 963
960 964
960 965
961 960
961 962
961 963
961 964
961 965
962 960
962 961
962 963
962 964
962 965
963 960
963 961
963 962
963 964
963 965
964 960
964 961
964 962
964 963
964 965
965 960
965 961
965 962
965 963
965 964
966 967
966 968
966 969
966 970
966 971
967 966
967 968
967 969
967 970
967 971
968 966
968 967
968 969
968 970
968 971
969 966
969 967
969 968
969 970
969 971
970 966
970 967
970 968
970 969
970 971
971 966
971 967
971 968
971 969
971 970
972 973
972 974
972 975
972 976
972 977
973 972
973 974
973 975
973 976
973 977
974 972
974 973
974 975
974 976
974 977
975 972
975 973
975 974
975 976
975 977
976 972
976 973
976 974
976 975
976 977
977 972
977 973
977 974
977 975
977 976
978 979
978 980
978 981
978 982
978 983
979 978
979 980
979 981
979 982
979 983
980 978
980 979
980 981
980 982
980 983
981 978
981 979
981 980
981 982
981 983
982 978
982 979
982 980
982 981
982 983
983 978
983 979
983 980
983 981
983 982
984 985
984 986
984 987
984 988
984 989
985 984
985 986
985 987
985 988
985 989
986 984
986 985
986 987
986 988
986 989
987 984
987 985
987 986
987 988
987 989
988 984
988 985
988 986
988 987
988 989
989 984
989 985
989 986
989 987
989 988
990 991
990 992
990 993
990 994
990 995
991 990
991 992
991 993
991 994
991 995
992 990
992 991
992 993
992 994
992 995
993 990
993 991
993 992
993 994
993 995
994 990
994 991
994 992
994 993
994 995
995 990
995 991
995 992
995 993
995 994
996 997
996 998
996 999
996 1000
996 1001
997 996
997 998
997 999
997 1000
997 1001
998 996
998 997
998 999
998 1000
998 1001
999 996
999 997
999 998
999 1000
999 1001
1000 996
1000 997
1000 998
1000 999
1000 1001
1001 996
1001 997
1001 998
1001 999
1001 1000
